[
  {
    "vendor": 0,
    "path": [
      [ 50.944527, 6.922034 ],
      [ 50.944507, 6.922096 ],
      [ 50.943654, 6.921364 ],
      [ 50.94355, 6.921266 ],
      [ 50.943501, 6.921401 ],
      [ 50.943169, 6.922299 ],
      [ 50.943007, 6.922779 ],
      [ 50.941223, 6.922572 ],
      [ 50.941153, 6.922564 ],
      [ 50.941011, 6.922547 ],
      [ 50.939708, 6.925229 ],
      [ 50.939045, 6.924958 ],
      [ 50.937684, 6.924569 ],
      [ 50.937245, 6.924477 ],
      [ 50.936832, 6.924464 ],
      [ 50.936763, 6.924466 ],
      [ 50.93668, 6.924468 ],
      [ 50.936653, 6.924469 ]
    ],
    "timestamps": [ 1191, 1193.803, 1205.321, 1249.883, 1277.923, 1333.85, 1373.257, 1451.769, 1527.939, 1560.114, 1579.966, 1583.555, 1660.904, 1678.797, 1779.882, 1784.858, 1793.853, 1868.948 ]
  }
]
